1.7846692959922896
1.2382671235129428
1.054193501087953
0.9878720058178866
0.9413864981862747
0.9076034668029631
0.8886682796491319
0.8843088176676087
0.8723920413530001
0.8501134220187748
0.8372289531672422
0.816205260234724
0.8010368448408811
0.7807696428894678
0.7580707026482322
0.7454101207399292
0.7344455551954806
0.7213984459124109
0.7015936924775811
0.6956235456138292
0.6835214686738229
0.668607282513652
0.6715860572831467
0.6633005075561688
0.6632768112368236
0.6440700510704105
0.6342677341836213
0.6216848804404678
0.6129496993525615
0.608322709800174
0.5970988473541419
0.5958506992059914
0.5845175766176132
0.5844380761569512
0.5785959150635869
0.574212117513596
0.5655507759524603
0.5594325698242195
0.5586682571947531
0.5581357740784169
0.5583428025899586
0.5617285656906335
0.5543701465288439
0.5466905452260734
0.5445194974485609
0.5370464007545408
0.5317328096176677
0.5230943007877494
0.52157194076448
0.5149897835683579
0.5135961886815711
0.5100719635322674
0.5116505478049971
0.5034990584590695
0.5038057494761292
0.5076546155332772
0.5089690091905831
0.5112526723880478
0.5119430320303877
0.5072366534959407
0.5021416051186565
0.5018312750105819
0.4978968646656056
0.49506919915638836
0.496004693467904
0.49551373584007197
0.4917832740413247
0.4914427111548908
0.4903336162932502
0.4857654601502038
0.4853345050377203
0.4870802051205378
0.4829376355023736
0.4820727085922039
0.4825681676963635
0.4821144636504383
0.47881331348298406
0.4788408791341695
0.47660793104647947
0.4763763411475514
0.4756490763851594
0.47190421988701237
0.47297461314937456
0.46889564582543597
0.46552026520988893
0.4655461591935874
0.4631162549060591
0.4609001305289936
0.4605856824896149
0.465415916320213
0.462096675519961
0.45952796710479044
0.4623726698222944
0.4655466606892621
0.4599146657513709
0.4595955006765662
0.45646519264849383
0.4558577136286361
0.45425925867588013
0.45346096518504936
